<?xml version="1.0"?>
<opencv_storage>
<calibration_Time>"Thu 20 Feb 2020 08:12:16 PM EST"</calibration_Time>
<nrOfFrames>25</nrOfFrames>
<image_Width>640</image_Width>
<image_Height>480</image_Height>
<board_Width>9</board_Width>
<board_Height>6</board_Height>
<square_Size>23.</square_Size>
<FixAspectRatio>1.</FixAspectRatio>
<!-- flags:  +fix_aspectRatio +fix_principal_point +zero_tangent_dist -->
<flagValue>14</flagValue>
<Camera_Matrix type_id="opencv-matrix">
  <rows>3</rows>
  <cols>3</cols>
  <dt>d</dt>
  <data>
    7.8341645668363753e+01 0. 3.1950000000000000e+02 0.
    7.8341645668363753e+01 2.3950000000000000e+02 0. 0. 1.</data></Camera_Matrix>
<Distortion_Coefficients type_id="opencv-matrix">
  <rows>5</rows>
  <cols>1</cols>
  <dt>d</dt>
  <data>
    -2.2528287754063452e-02 6.1097745235132324e-04 0. 0.
    -5.9831692606564518e-06</data></Distortion_Coefficients>
<Avg_Reprojection_Error>2.3518858935026978e+00</Avg_Reprojection_Error>
<Per_View_Reprojection_Errors type_id="opencv-matrix">
  <rows>25</rows>
  <cols>1</cols>
  <dt>f</dt>
  <data>
    2.27645802e+00 2.27775002e+00 2.26474380e+00 2.25979686e+00
    2.27417588e+00 2.39516330e+00 2.43310046e+00 2.43479848e+00
    2.41702008e+00 2.39224792e+00 2.44778132e+00 2.45688415e+00
    2.47274852e+00 2.46137381e+00 2.43968701e+00 2.44421554e+00
    2.45617270e+00 2.47396111e+00 2.42955518e+00 2.38714671e+00
    2.33454823e+00 2.23317409e+00 2.16396666e+00 2.09308887e+00
    1.99344778e+00</data></Per_View_Reprojection_Errors>
<!-- a set of 6-tuples (rotation vector + translation vector) for each view -->
<Extrinsic_Parameters type_id="opencv-matrix">
  <rows>25</rows>
  <cols>6</cols>
  <dt>d</dt>
  <data>
    -8.3051223865269058e-03 -5.6698355990775308e-02
    -3.1241768513078059e+00 1.1459614500159670e+02
    4.2617181547986036e+01 3.3854386922017994e+01
    -8.8168807201681205e-03 -5.6930510895758742e-02
    -3.1253717404690735e+00 1.1457123182832835e+02
    4.2729155428883722e+01 3.4028863087658060e+01
    -8.8494432483796348e-03 -5.8208557239438720e-02
    -3.1253196271725741e+00 1.1432269640241387e+02
    4.2870231151463635e+01 3.4289273261710129e+01
    -9.6733090653042288e-03 -5.7742786216925884e-02
    -3.1242116346565121e+00 1.1453198964856226e+02
    4.2347106292897557e+01 3.4351583365438309e+01
    -1.0261220483368430e-02 -5.6678864450197118e-02
    -3.1232661348180044e+00 1.1507769419264227e+02
    4.1959550811663640e+01 3.4255043679024766e+01
    -1.1218231401113358e-02 -5.3458946903442175e-02
    -3.1191863009191838e+00 1.1601648941626998e+02
    4.0695531632810095e+01 3.4029680575657757e+01
    -1.0761775443831750e-02 -5.2199331551522551e-02
    -3.1197257437077699e+00 1.1561903500187387e+02
    3.9433785296940691e+01 3.3854337515003330e+01
    -9.6069131571172202e-03 -5.1611510169151685e-02
    -3.1207979662664558e+00 1.1520736314054359e+02
    3.8329618977507288e+01 3.3826437714199898e+01
    -9.9541302493668885e-03 -5.1668412825717040e-02
    -3.1181282685362182e+00 1.1571950228754666e+02
    3.8503347996215808e+01 3.3895624362885229e+01
    -9.2147170120229441e-03 -5.2068435056488928e-02
    -3.1191776803470823e+00 1.1499176935525810e+02
    3.8250659253993149e+01 3.3984111665561230e+01
    -9.2947182614616115e-03 -5.0965648802917131e-02
    -3.1203604363659498e+00 1.1469285129052072e+02
    3.7697866177499989e+01 3.4040905651369400e+01
    -1.0637583152313312e-02 -5.0733909248165357e-02
    -3.1192132412295615e+00 1.1514789187857674e+02
    3.7817675135643064e+01 3.3972089487539584e+01
    -9.8638947432307649e-03 -4.9510710003395533e-02
    -3.1208820853490256e+00 1.1443101543670204e+02
    3.6894624304112433e+01 3.3939916228708881e+01
    -9.4088858197115769e-03 -4.9633677601418520e-02
    -3.1203302900264807e+00 1.1406248086778689e+02
    3.6834680717959529e+01 3.3959629221682832e+01
    -9.8807376648795825e-03 -4.9420409124862189e-02
    -3.1188065753494665e+00 1.1429675829251471e+02
    3.6714808302408656e+01 3.4019062622334182e+01
    -1.0556316582419808e-02 -4.9164210675545710e-02
    -3.1180188767377324e+00 1.1505437083323663e+02
    3.6361720345837902e+01 3.4208695870557015e+01
    -1.1008776179354095e-02 -4.8700790354690493e-02
    -3.1161226583066886e+00 1.1580057730844489e+02
    3.5779039717214239e+01 3.4460525210296574e+01
    -1.1532810553268739e-02 -4.5488948805712304e-02
    -3.1146635711857371e+00 1.1677305997399358e+02
    3.3106804128982624e+01 3.4953587313654957e+01
    -1.1308020325197975e-02 -4.4255101347350820e-02
    -3.1127496344476824e+00 1.1665408426553209e+02
    3.1128287150063610e+01 3.5566709631800165e+01
    -1.1990152639128029e-02 -4.3192248686837437e-02
    -3.1080887387020977e+00 1.1784664289091087e+02
    2.9497655934614521e+01 3.6315808522813413e+01
    -1.1643988395953653e-02 -4.2194716315222466e-02
    -3.1006760423048525e+00 1.1914707413701063e+02
    2.8165090346199545e+01 3.7253840196352485e+01
    -1.0418563994187108e-02 -4.2586981866757946e-02
    -3.0983280397182025e+00 1.1931844348959001e+02
    2.6336873197507725e+01 3.8318136101544681e+01
    -8.8096747536514312e-03 -4.3003704913445233e-02
    -3.1004476832540560e+00 1.1865129025585902e+02
    2.4163894653831822e+01 3.9312068201452412e+01
    -8.4554241139104935e-03 -4.3270721288056958e-02
    -3.1020463517164907e+00 1.1901362861485501e+02
    2.2149130415919032e+01 4.0271645016615864e+01
    -7.8090407214412069e-03 -4.6303069173590637e-02
    -3.1015441334599401e+00 1.1871946837614705e+02
    2.2674941558584756e+01 4.0911445358053292e+01</data></Extrinsic_Parameters>
